FID: 4.336539762220966
MSE: 0.009869030230430996
PSNR: 17.994031043082337
Mutual Information: 1.2806868999506937
Sample Diversity: 0.13381294906139374
