FID: 14.87767794106884
MSE: 0.03592140310704311
PSNR: 17.943750926324874
Mutual Information: 1.2960722607362491
Sample Diversity: 0.3733789920806885
