FID: 2.3309006462930597
MSE: 0.007296348205440177
PSNR: 19.37093091212011
Mutual Information: 1.2873228665935574
Sample Diversity: 0.15192900598049164
