FID: 27.014846926804708
MSE: 0.03461915564311528
PSNR: 12.935085607469098
Mutual Information: 1.2069564053390083
Sample Diversity: 0.0006999904289841652
