FID: 27.01778155958194
MSE: 0.03461925770726352
PSNR: 12.935056935504942
Mutual Information: 1.2069392686845177
Sample Diversity: 0.0006889360374771059
